#Res	0	0
1	7.88843	7.1199
2	5.5427	4.8485
3	3.55603	3.1569
4	1.73257	1.8051
5	0.994933	1.1502
6	0.606867	0.6428
7	0.551	0.575
8	0.464967	0.4749
9	0.415833	0.4075
10	0.374233	0.3613
11	0.395033	0.3753
12	0.510233	0.4955
13	0.705833	0.6871
14	0.594533	0.54
15	0.431933	0.3864
16	0.527967	0.4395
17	0.533067	0.4604
18	0.457467	0.37
19	0.3701	0.3367
20	0.373733	0.372
21	0.371733	0.3646
22	0.3733	0.3607
23	0.3675	0.3755
24	0.384467	0.3874
25	0.404167	0.4061
26	0.409033	0.4165
27	0.454633	0.4671
28	0.510067	0.5016
29	0.520667	0.5006
30	0.531033	0.5057
31	0.630467	0.593
32	0.7422	0.7078
33	0.792533	0.7562
34	0.8236	0.7682
35	0.721833	0.6857
36	0.6966	0.6626
37	0.801333	0.7752
38	0.730933	0.7484
39	0.5942	0.5698
40	0.556033	0.5417
41	0.482167	0.4995
42	0.4125	0.4203
43	0.3817	0.3697
44	0.4151	0.3993
45	0.536067	0.5516
46	0.7277	0.8029
47	1.0284	1.0056
48	1.3647	1.5101
49	1.4115	1.4249
50	1.2948	1.2204
51	1.07373	1.106
52	0.8646	0.9936
53	0.758833	0.7421
54	0.746433	0.6409
55	0.6218	0.539
56	0.546333	0.453
57	0.579033	0.4885
58	0.560367	0.4889
59	0.5292	0.459
60	0.5434	0.4856
61	0.5588	0.5156
62	0.527333	0.5002
63	0.508433	0.5005
64	0.6154	0.5796
65	0.6953	0.6369
66	0.668467	0.623
67	0.757167	0.6925
68	0.604833	0.5939
69	0.7155	0.8187
70	0.749633	1.0449
71	0.921433	1.4103
72	0.673767	0.8147
73	0.613033	0.6349
74	0.5528	0.5782
75	0.5464	0.5112
76	0.588267	0.5516
77	0.5791	0.5789
78	0.6634	0.6272
79	0.7637	0.7145
80	0.776167	0.7407
81	0.5939	0.5337
82	0.574667	0.5292
83	0.7264	0.7398
84	0.669633	0.6495
85	0.551633	0.5235
86	0.5547	0.5419
87	0.515067	0.5064
88	0.4958	0.4652
89	0.475967	0.4433
90	0.4635	0.4143
91	0.5214	0.4692
92	0.6098	0.5498
93	0.7256	0.6692
94	0.817933	0.7784
95	0.686633	0.6971
96	0.600367	0.5567
97	0.7088	0.5988
98	0.731167	0.6371
99	0.647133	0.5798
100	0.7543	0.6313
101	0.880167	0.7749
102	0.862167	0.8317
103	0.899567	0.9231
104	1.2027	1.3745
105	1.35227	1.569
106	1.25557	1.2291
107	1.5682	1.487
108	1.33317	1.3345
109	0.928933	0.9236
110	0.7677	0.7481
111	0.6481	0.6131
112	0.600933	0.5664
113	0.5684	0.5546
114	0.5816	0.5348
115	0.600067	0.5396
116	0.560633	0.4945
117	0.674267	0.6442
118	0.695367	0.6957
119	0.7592	0.7984
120	0.8605	0.8937
121	1.12893	0.8798
122	1.24633	1.0342
123	1.2077	0.8875
124	1.2395	0.8567
125	1.37353	0.9042
126	1.0082	0.505
127	0.821033	0.5649
128	0.915633	0.5585
129	0.971567	0.5951
130	1.07273	0.6296
131	1.56693	0.7904
132	1.4426	1.1618
133	1.30273	1.207
134	1.33427	1.1308
135	1.471	1.1956
136	1.4615	1.1089
137	1.07903	0.7783
138	0.671667	0.558
139	0.6107	0.5237
140	0.636867	0.5392
141	0.562933	0.4836
142	0.465567	0.4335
143	0.506567	0.4795
144	0.485533	0.4638
145	0.456	0.4512
146	0.495033	0.5009
147	0.5163	0.4867
148	0.4786	0.4408
149	0.5082	0.5082
150	0.578633	0.5925
151	0.589567	0.5709
152	0.554933	0.5474
153	0.6276	0.6638
154	0.808067	0.8598
155	0.962367	1.2595
156	1.489	2.7918
157	2.3474	4.2144
