0.521332
0.401093
0.194194
0.0458477
0.113827
0.0198031
0.0422966
0.0400815
0.0442972
0.0352477
0.0325419
0.0457965
0.0911118
0.0633644
0.0358573
0.0521255
0.0580648
0.0468638
0.0197502
0.01412
0.0102276
0.00736682
0.0121062
0.0195413
0.021866
0.0252082
0.0352656
0.0386244
0.0329175
0.029236
0.0410426
0.0430586
0.044055
0.0472005
0.0318134
0.0210178
0.014335
0.0130216
0.0106038
0.0123265
0.0313128
0.0311337
0.0315311
0.0301369
0.049509
0.0604246
0.100088
0.205245
0.234322
0.267646
0.0429369
0.0719501
0.0376537
0.0513629
0.0523171
0.0570738
0.0615878
0.044949
0.0304067
0.0271221
0.0229523
0.0172645
0.0205393
0.0291192
0.0361979
0.0376565
0.0450574
0.0299762
0.0449129
0.129575
0.213669
0.0610693
0.012079
0.0188024
0.0344548
0.0296156
0.0211502
0.0298049
0.0291527
0.0168364
0.0301
0.0196917
0.00867583
0.0461313
0.0391439
0.0440501
0.0457542
0.049458
0.0571773
0.0538899
0.064725
0.0608276
0.0575399
0.0310877
0.0384183
0.055566
0.0612454
0.0418139
0.0547154
0.0586045
0.0606111
0.0871543
0.113309
0.225853
0.266052
0.061232
0.0351608
0.0899019
0.0496537
0.0215423
0.0186389
0.0224164
0.0178782
0.0493525
0.0427944
0.0382118
0.0436374
0.0147507
0.0898185
0.120659
0.179327
0.164363
0.139209
0.166102
0.317703
0.374185
0.201976
0.176826
0.170971
0.200127
0.336825
0.133001
0.0776001
0.166093
0.134383
0.159532
0.134676
0.0521214
0.037958
0.0440573
0.0408472
0.0178707
0.0139145
0.0103055
0.00606712
0.00432474
0.0146523
0.0185599
0.0116
0.00632877
0.0120226
0.0340068
0.0648723
0.0869357
0.214598
0.947051
0.947497
